# Created by Octave 3.6.1, Mon Nov 17 20:20:35 2014 EST <jason@jason-ThinkPad-X1-Carbon>
# name: NMD
# type: scalar struct
# ndims: 2
 1 1
# length: 20
# name: alat
# type: scalar
1.556


# name: ucell
# type: matrix
# rows: 4
# columns: 3
 0 0 0
 0.5 0.5 0
 0.5 0 0.5
 0 0.5 0.5


# name: Nx
# type: scalar
4


# name: Ny
# type: scalar
4


# name: Nz
# type: scalar
4


# name: x0
# type: matrix
# rows: 256
# columns: 5
 1 1 0 0 0
 2 1 0.77802 0.77802 0
 3 1 0.77802 0 0.77802
 4 1 0 0.77802 0.77802
 5 1 0 0 1.556
 6 1 0.77802 0.77802 1.556
 7 1 0.77802 0 2.3341
 8 1 0 0.77802 2.3341
 9 1 0 0 3.1121
 10 1 0.77802 0.77802 3.1121
 11 1 0.77802 0 3.8901
 12 1 0 0.77802 3.8901
 13 1 0 0 4.6681
 14 1 0.77802 0.77802 4.6681
 15 1 0.77802 0 5.4461
 16 1 0 0.77802 5.4461
 17 1 0 1.556 0
 18 1 0.77802 2.3341 0
 19 1 0.77802 1.556 0.77802
 20 1 0 2.3341 0.77802
 21 1 0 1.556 1.556
 22 1 0.77802 2.3341 1.556
 23 1 0.77802 1.556 2.3341
 24 1 0 2.3341 2.3341
 25 1 0 1.556 3.1121
 26 1 0.77802 2.3341 3.1121
 27 1 0.77802 1.556 3.8901
 28 1 0 2.3341 3.8901
 29 1 0 1.556 4.6681
 30 1 0.77802 2.3341 4.6681
 31 1 0.77802 1.556 5.4461
 32 1 0 2.3341 5.4461
 33 1 0 3.1121 0
 34 1 0.77802 3.8901 0
 35 1 0.77802 3.1121 0.77802
 36 1 0 3.8901 0.77802
 37 1 0 3.1121 1.556
 38 1 0.77802 3.8901 1.556
 39 1 0.77802 3.1121 2.3341
 40 1 0 3.8901 2.3341
 41 1 0 3.1121 3.1121
 42 1 0.77802 3.8901 3.1121
 43 1 0.77802 3.1121 3.8901
 44 1 0 3.8901 3.8901
 45 1 0 3.1121 4.6681
 46 1 0.77802 3.8901 4.6681
 47 1 0.77802 3.1121 5.4461
 48 1 0 3.8901 5.4461
 49 1 0 4.6681 0
 50 1 0.77802 5.4461 0
 51 1 0.77802 4.6681 0.77802
 52 1 0 5.4461 0.77802
 53 1 0 4.6681 1.556
 54 1 0.77802 5.4461 1.556
 55 1 0.77802 4.6681 2.3341
 56 1 0 5.4461 2.3341
 57 1 0 4.6681 3.1121
 58 1 0.77802 5.4461 3.1121
 59 1 0.77802 4.6681 3.8901
 60 1 0 5.4461 3.8901
 61 1 0 4.6681 4.6681
 62 1 0.77802 5.4461 4.6681
 63 1 0.77802 4.6681 5.4461
 64 1 0 5.4461 5.4461
 65 1 1.556 0 0
 66 1 2.3341 0.77802 0
 67 1 2.3341 0 0.77802
 68 1 1.556 0.77802 0.77802
 69 1 1.556 0 1.556
 70 1 2.3341 0.77802 1.556
 71 1 2.3341 0 2.3341
 72 1 1.556 0.77802 2.3341
 73 1 1.556 0 3.1121
 74 1 2.3341 0.77802 3.1121
 75 1 2.3341 0 3.8901
 76 1 1.556 0.77802 3.8901
 77 1 1.556 0 4.6681
 78 1 2.3341 0.77802 4.6681
 79 1 2.3341 0 5.4461
 80 1 1.556 0.77802 5.4461
 81 1 1.556 1.556 0
 82 1 2.3341 2.3341 0
 83 1 2.3341 1.556 0.77802
 84 1 1.556 2.3341 0.77802
 85 1 1.556 1.556 1.556
 86 1 2.3341 2.3341 1.556
 87 1 2.3341 1.556 2.3341
 88 1 1.556 2.3341 2.3341
 89 1 1.556 1.556 3.1121
 90 1 2.3341 2.3341 3.1121
 91 1 2.3341 1.556 3.8901
 92 1 1.556 2.3341 3.8901
 93 1 1.556 1.556 4.6681
 94 1 2.3341 2.3341 4.6681
 95 1 2.3341 1.556 5.4461
 96 1 1.556 2.3341 5.4461
 97 1 1.556 3.1121 0
 98 1 2.3341 3.8901 0
 99 1 2.3341 3.1121 0.77802
 100 1 1.556 3.8901 0.77802
 101 1 1.556 3.1121 1.556
 102 1 2.3341 3.8901 1.556
 103 1 2.3341 3.1121 2.3341
 104 1 1.556 3.8901 2.3341
 105 1 1.556 3.1121 3.1121
 106 1 2.3341 3.8901 3.1121
 107 1 2.3341 3.1121 3.8901
 108 1 1.556 3.8901 3.8901
 109 1 1.556 3.1121 4.6681
 110 1 2.3341 3.8901 4.6681
 111 1 2.3341 3.1121 5.4461
 112 1 1.556 3.8901 5.4461
 113 1 1.556 4.6681 0
 114 1 2.3341 5.4461 0
 115 1 2.3341 4.6681 0.77802
 116 1 1.556 5.4461 0.77802
 117 1 1.556 4.6681 1.556
 118 1 2.3341 5.4461 1.556
 119 1 2.3341 4.6681 2.3341
 120 1 1.556 5.4461 2.3341
 121 1 1.556 4.6681 3.1121
 122 1 2.3341 5.4461 3.1121
 123 1 2.3341 4.6681 3.8901
 124 1 1.556 5.4461 3.8901
 125 1 1.556 4.6681 4.6681
 126 1 2.3341 5.4461 4.6681
 127 1 2.3341 4.6681 5.4461
 128 1 1.556 5.4461 5.4461
 129 1 3.1121 0 0
 130 1 3.8901 0.77802 0
 131 1 3.8901 0 0.77802
 132 1 3.1121 0.77802 0.77802
 133 1 3.1121 0 1.556
 134 1 3.8901 0.77802 1.556
 135 1 3.8901 0 2.3341
 136 1 3.1121 0.77802 2.3341
 137 1 3.1121 0 3.1121
 138 1 3.8901 0.77802 3.1121
 139 1 3.8901 0 3.8901
 140 1 3.1121 0.77802 3.8901
 141 1 3.1121 0 4.6681
 142 1 3.8901 0.77802 4.6681
 143 1 3.8901 0 5.4461
 144 1 3.1121 0.77802 5.4461
 145 1 3.1121 1.556 0
 146 1 3.8901 2.3341 0
 147 1 3.8901 1.556 0.77802
 148 1 3.1121 2.3341 0.77802
 149 1 3.1121 1.556 1.556
 150 1 3.8901 2.3341 1.556
 151 1 3.8901 1.556 2.3341
 152 1 3.1121 2.3341 2.3341
 153 1 3.1121 1.556 3.1121
 154 1 3.8901 2.3341 3.1121
 155 1 3.8901 1.556 3.8901
 156 1 3.1121 2.3341 3.8901
 157 1 3.1121 1.556 4.6681
 158 1 3.8901 2.3341 4.6681
 159 1 3.8901 1.556 5.4461
 160 1 3.1121 2.3341 5.4461
 161 1 3.1121 3.1121 0
 162 1 3.8901 3.8901 0
 163 1 3.8901 3.1121 0.77802
 164 1 3.1121 3.8901 0.77802
 165 1 3.1121 3.1121 1.556
 166 1 3.8901 3.8901 1.556
 167 1 3.8901 3.1121 2.3341
 168 1 3.1121 3.8901 2.3341
 169 1 3.1121 3.1121 3.1121
 170 1 3.8901 3.8901 3.1121
 171 1 3.8901 3.1121 3.8901
 172 1 3.1121 3.8901 3.8901
 173 1 3.1121 3.1121 4.6681
 174 1 3.8901 3.8901 4.6681
 175 1 3.8901 3.1121 5.4461
 176 1 3.1121 3.8901 5.4461
 177 1 3.1121 4.6681 0
 178 1 3.8901 5.4461 0
 179 1 3.8901 4.6681 0.77802
 180 1 3.1121 5.4461 0.77802
 181 1 3.1121 4.6681 1.556
 182 1 3.8901 5.4461 1.556
 183 1 3.8901 4.6681 2.3341
 184 1 3.1121 5.4461 2.3341
 185 1 3.1121 4.6681 3.1121
 186 1 3.8901 5.4461 3.1121
 187 1 3.8901 4.6681 3.8901
 188 1 3.1121 5.4461 3.8901
 189 1 3.1121 4.6681 4.6681
 190 1 3.8901 5.4461 4.6681
 191 1 3.8901 4.6681 5.4461
 192 1 3.1121 5.4461 5.4461
 193 1 4.6681 0 0
 194 1 5.4461 0.77802 0
 195 1 5.4461 0 0.77802
 196 1 4.6681 0.77802 0.77802
 197 1 4.6681 0 1.556
 198 1 5.4461 0.77802 1.556
 199 1 5.4461 0 2.3341
 200 1 4.6681 0.77802 2.3341
 201 1 4.6681 0 3.1121
 202 1 5.4461 0.77802 3.1121
 203 1 5.4461 0 3.8901
 204 1 4.6681 0.77802 3.8901
 205 1 4.6681 0 4.6681
 206 1 5.4461 0.77802 4.6681
 207 1 5.4461 0 5.4461
 208 1 4.6681 0.77802 5.4461
 209 1 4.6681 1.556 0
 210 1 5.4461 2.3341 0
 211 1 5.4461 1.556 0.77802
 212 1 4.6681 2.3341 0.77802
 213 1 4.6681 1.556 1.556
 214 1 5.4461 2.3341 1.556
 215 1 5.4461 1.556 2.3341
 216 1 4.6681 2.3341 2.3341
 217 1 4.6681 1.556 3.1121
 218 1 5.4461 2.3341 3.1121
 219 1 5.4461 1.556 3.8901
 220 1 4.6681 2.3341 3.8901
 221 1 4.6681 1.556 4.6681
 222 1 5.4461 2.3341 4.6681
 223 1 5.4461 1.556 5.4461
 224 1 4.6681 2.3341 5.4461
 225 1 4.6681 3.1121 0
 226 1 5.4461 3.8901 0
 227 1 5.4461 3.1121 0.77802
 228 1 4.6681 3.8901 0.77802
 229 1 4.6681 3.1121 1.556
 230 1 5.4461 3.8901 1.556
 231 1 5.4461 3.1121 2.3341
 232 1 4.6681 3.8901 2.3341
 233 1 4.6681 3.1121 3.1121
 234 1 5.4461 3.8901 3.1121
 235 1 5.4461 3.1121 3.8901
 236 1 4.6681 3.8901 3.8901
 237 1 4.6681 3.1121 4.6681
 238 1 5.4461 3.8901 4.6681
 239 1 5.4461 3.1121 5.4461
 240 1 4.6681 3.8901 5.4461
 241 1 4.6681 4.6681 0
 242 1 5.4461 5.4461 0
 243 1 5.4461 4.6681 0.77802
 244 1 4.6681 5.4461 0.77802
 245 1 4.6681 4.6681 1.556
 246 1 5.4461 5.4461 1.556
 247 1 5.4461 4.6681 2.3341
 248 1 4.6681 5.4461 2.3341
 249 1 4.6681 4.6681 3.1121
 250 1 5.4461 5.4461 3.1121
 251 1 5.4461 4.6681 3.8901
 252 1 4.6681 5.4461 3.8901
 253 1 4.6681 4.6681 4.6681
 254 1 5.4461 5.4461 4.6681
 255 1 5.4461 4.6681 5.4461
 256 1 4.6681 5.4461 5.4461


# name: NUM_ATOMS
# type: scalar
256


# name: NUM_MODES
# type: scalar
12


# name: NUM_ATOMS_UCELL
# type: scalar
4


# name: NUM_UCELL_COPIES
# type: scalar
64


# name: mass
# type: matrix
# rows: 256
# columns: 1
 1
 1
 1
 1
 1
 1
 1
 1
 1
 1
 1
 1
 1
 1
 1
 1
 1
 1
 1
 1
 1
 1
 1
 1
 1
 1
 1
 1
 1
 1
 1
 1
 1
 1
 1
 1
 1
 1
 1
 1
 1
 1
 1
 1
 1
 1
 1
 1
 1
 1
 1
 1
 1
 1
 1
 1
 1
 1
 1
 1
 1
 1
 1
 1
 1
 1
 1
 1
 1
 1
 1
 1
 1
 1
 1
 1
 1
 1
 1
 1
 1
 1
 1
 1
 1
 1
 1
 1
 1
 1
 1
 1
 1
 1
 1
 1
 1
 1
 1
 1
 1
 1
 1
 1
 1
 1
 1
 1
 1
 1
 1
 1
 1
 1
 1
 1
 1
 1
 1
 1
 1
 1
 1
 1
 1
 1
 1
 1
 1
 1
 1
 1
 1
 1
 1
 1
 1
 1
 1
 1
 1
 1
 1
 1
 1
 1
 1
 1
 1
 1
 1
 1
 1
 1
 1
 1
 1
 1
 1
 1
 1
 1
 1
 1
 1
 1
 1
 1
 1
 1
 1
 1
 1
 1
 1
 1
 1
 1
 1
 1
 1
 1
 1
 1
 1
 1
 1
 1
 1
 1
 1
 1
 1
 1
 1
 1
 1
 1
 1
 1
 1
 1
 1
 1
 1
 1
 1
 1
 1
 1
 1
 1
 1
 1
 1
 1
 1
 1
 1
 1
 1
 1
 1
 1
 1
 1
 1
 1
 1
 1
 1
 1
 1
 1
 1
 1
 1
 1
 1
 1
 1
 1
 1
 1
 1
 1
 1
 1
 1
 1
 1
 1
 1
 1
 1
 1


